00000002
00000000
A4400000
00001111
00000000
00000000
00000000
A4800000
00002222
00000000
00000000
00000000
0E8A0000
00000000
00000000
00000000
00000000
00000000
A4C00000
00003333
00000000
00000000
00000000
A5000000
00004444
00000000
00000000
00000000
0E9C0000
00000000
00000000
00000000
00000000
00000000
A5400000
00005555
00000000
00000000
00000000
A5800000
00006666
00000000
00000000
00000000
0EBC0000
00000000
00000000
00000000
00000000
00000000
A5C00000
00007777
00000000
00000000
00000000
A6000000
00008888
00000000
00000000
00000000
0EDE0000
00000000
00000000
00000000
00000000
00000000
00000000
